PID Arrival_Time Burst_Time Priority
1   0            5          2
2   2            3          1
3   4            2          3
4   6            6          2
5   3            2          4
6   6            7          2
7   2            4          1
8   8            3          0
9   5            5          2
10  9            6          1
11  5            4          3
12  3            5          2
13  7            7          4
14  3            3          2
15  1            8          3
16  5            2          1
17  6            6          2
18  10           4          3
19  3            5          0
20  9            3          1