PID Arrival_Time Burst_Time Priority
1   0            5          2
2   1            3          1
3   2            8          3
4   3            6          2
5   4            2          4
6   5            7          2
7   6            4          1
8   7            3          3
9   8            5          2
10  9            6          1
11  10           4          3
12  11           5          2
13  12           7          4
14  13           3          2
15  14           8          3
16  15           2          1
17  16           6          2
18  17           4          3
19  18           5          2
20  19           3          1